{
 "cells": [
  {
   "cell_type": "markdown",
   "metadata": {},
   "source": [
    "# Домашняя работа. Numpy\n",
    "\n",
    "1. Скачайте этот ноутбук к себе.\n",
    "2. Заполните пропущенные ячейки, отвечая на заданные вопросы. Там должен быть код! (если не сказано обратное)\n",
    "3. Сохраните результат в своём гитхаб репозитории.\n",
    "\n",
    "#### Полезная литература\n",
    "\n",
    "- http://www.numpy.org/\n",
    "- https://jakevdp.github.io/PythonDataScienceHandbook/02.00-introduction-to-numpy.html\n",
    "- https://docs.scipy.org/doc/numpy/user/quickstart.html"
   ]
  },
  {
   "cell_type": "markdown",
   "metadata": {},
   "source": [
    "1) Импортировать numpy и написать версию"
   ]
  },
  {
   "cell_type": "code",
   "execution_count": 3,
   "metadata": {},
   "outputs": [
    {
     "ename": "SyntaxError",
     "evalue": "invalid syntax (3381704337.py, line 2)",
     "output_type": "error",
     "traceback": [
      "\u001b[0;36m  Cell \u001b[0;32mIn[3], line 2\u001b[0;36m\u001b[0m\n\u001b[0;31m    ver 2.1.1\u001b[0m\n\u001b[0m        ^\u001b[0m\n\u001b[0;31mSyntaxError\u001b[0m\u001b[0;31m:\u001b[0m invalid syntax\n"
     ]
    }
   ],
   "source": [
    "import numpy as np \n",
    "ver 2.1.1"
   ]
  },
  {
   "cell_type": "markdown",
   "metadata": {},
   "source": [
    "2) Создать нулевой вектор размера 10"
   ]
  },
  {
   "cell_type": "code",
   "execution_count": 4,
   "metadata": {},
   "outputs": [
    {
     "name": "stdout",
     "output_type": "stream",
     "text": [
      "[0. 0. 0. 0. 0. 0. 0. 0. 0. 0.]\n"
     ]
    }
   ],
   "source": [
    "import numpy as np\n",
    "\n",
    "zero_vector = np.zeros(10)\n",
    "print(zero_vector)"
   ]
  },
  {
   "cell_type": "markdown",
   "metadata": {},
   "source": [
    "3) Создать вектор заполненный 7-ами размера 7"
   ]
  },
  {
   "cell_type": "code",
   "execution_count": 5,
   "metadata": {},
   "outputs": [
    {
     "name": "stdout",
     "output_type": "stream",
     "text": [
      "[7 7 7 7 7 7 7]\n"
     ]
    }
   ],
   "source": [
    "import numpy as np\n",
    "\n",
    "vector = np.full(7, 7)\n",
    "print(vector)"
   ]
  },
  {
   "cell_type": "markdown",
   "metadata": {},
   "source": [
    "4) Создать вектор заполненный четными числами от 10 до 100"
   ]
  },
  {
   "cell_type": "code",
   "execution_count": 8,
   "metadata": {},
   "outputs": [
    {
     "name": "stdout",
     "output_type": "stream",
     "text": [
      "[ 10  12  14  16  18  20  22  24  26  28  30  32  34  36  38  40  42  44\n",
      "  46  48  50  52  54  56  58  60  62  64  66  68  70  72  74  76  78  80\n",
      "  82  84  86  88  90  92  94  96  98 100]\n"
     ]
    }
   ],
   "source": [
    "import numpy as np\n",
    "\n",
    "even_vector = np.arange(10, 101, 2)\n",
    "print(even_vector)"
   ]
  },
  {
   "cell_type": "markdown",
   "metadata": {},
   "source": [
    "5) Создать массив случайных чисел и развернуть его задом наперёд"
   ]
  },
  {
   "cell_type": "code",
   "execution_count": 7,
   "metadata": {},
   "outputs": [
    {
     "name": "stdout",
     "output_type": "stream",
     "text": [
      "Оригинальный массив: [0.93495502 0.89962526 0.7732554  0.92040775 0.0404444  0.78771007\n",
      " 0.0274484  0.07384762 0.68377196 0.79462166]\n",
      "Развернутый массив: [0.79462166 0.68377196 0.07384762 0.0274484  0.78771007 0.0404444\n",
      " 0.92040775 0.7732554  0.89962526 0.93495502]\n"
     ]
    }
   ],
   "source": [
    "import numpy as np\n",
    "\n",
    "random_array = np.random.rand(10)\n",
    "\n",
    "reversed_array = random_array[::-1]\n",
    "\n",
    "print(\"Оригинальный массив:\", random_array)\n",
    "print(\"Развернутый массив:\", reversed_array)\n"
   ]
  },
  {
   "cell_type": "markdown",
   "metadata": {},
   "source": [
    "6) Создать двумерную матрицу размера 3 на 3, заполненную числами от 0 до 9"
   ]
  },
  {
   "cell_type": "code",
   "execution_count": 9,
   "metadata": {},
   "outputs": [
    {
     "name": "stdout",
     "output_type": "stream",
     "text": [
      "[[0 1 2]\n",
      " [3 4 5]\n",
      " [6 7 8]]\n"
     ]
    }
   ],
   "source": [
    "import numpy as np\n",
    "\n",
    "matrix = np.arange(9).reshape(3, 3)\n",
    "\n",
    "print(matrix)"
   ]
  },
  {
   "cell_type": "markdown",
   "metadata": {},
   "source": [
    "7) Создать матрицу размера 4 на 4 с единицами на диагонали смещеной на один наверх."
   ]
  },
  {
   "cell_type": "code",
   "execution_count": 10,
   "metadata": {},
   "outputs": [
    {
     "name": "stdout",
     "output_type": "stream",
     "text": [
      "[[0. 1. 0. 0.]\n",
      " [0. 0. 1. 0.]\n",
      " [0. 0. 0. 1.]\n",
      " [0. 0. 0. 0.]]\n"
     ]
    }
   ],
   "source": [
    "import numpy as np\n",
    "\n",
    "matrix = np.eye(4, k=1)\n",
    "\n",
    "print(matrix)"
   ]
  },
  {
   "cell_type": "markdown",
   "metadata": {},
   "source": [
    "8) Создать матрицу с числами в диапазоне от 1 до 4 по диагонали. В других ячейках матрицы должны быть семерки."
   ]
  },
  {
   "cell_type": "code",
   "execution_count": 11,
   "metadata": {},
   "outputs": [
    {
     "name": "stdout",
     "output_type": "stream",
     "text": [
      "[[1 7 7 7]\n",
      " [7 2 7 7]\n",
      " [7 7 3 7]\n",
      " [7 7 7 4]]\n"
     ]
    }
   ],
   "source": [
    "import numpy as np\n",
    "\n",
    "matrix = np.full((4, 4), 7)\n",
    "\n",
    "np.fill_diagonal(matrix, np.arange(1, 5))\n",
    "\n",
    "print(matrix)"
   ]
  },
  {
   "cell_type": "markdown",
   "metadata": {},
   "source": [
    "9) Создать матрицу размера 5 на 5 заполненную чилами от 0 до 4 в строках."
   ]
  },
  {
   "cell_type": "code",
   "execution_count": 12,
   "metadata": {},
   "outputs": [
    {
     "name": "stdout",
     "output_type": "stream",
     "text": [
      "[[0 1 2 3 4]\n",
      " [0 1 2 3 4]\n",
      " [0 1 2 3 4]\n",
      " [0 1 2 3 4]\n",
      " [0 1 2 3 4]]\n"
     ]
    }
   ],
   "source": [
    "import numpy as np\n",
    "\n",
    "matrix_1 = np.tile(np.arange(5), (5, 1))\n",
    "print(matrix_1)"
   ]
  },
  {
   "cell_type": "markdown",
   "metadata": {},
   "source": [
    "10) Создать матрицу случайных чисел размера 10 на 10 и отнять среднее по строкам из каждого элемента строки"
   ]
  },
  {
   "cell_type": "code",
   "execution_count": 13,
   "metadata": {},
   "outputs": [
    {
     "name": "stdout",
     "output_type": "stream",
     "text": [
      "[[ 0.23439441 -0.09354725  0.35308851  0.16807099  0.01009873  0.02824315\n",
      "  -0.06090125  0.24439038 -0.30428618 -0.57955149]\n",
      " [ 0.0868446  -0.28922125  0.36153262 -0.49567549  0.19114758 -0.02436921\n",
      "   0.1757328   0.08951585  0.33324646 -0.42875396]\n",
      " [-0.20883476  0.32670433 -0.20311477  0.07355882 -0.22941572 -0.36254582\n",
      "   0.04955179  0.33284728 -0.03175813  0.25300699]\n",
      " [ 0.4046191  -0.0019383  -0.06925747 -0.15134308  0.12502587 -0.33423507\n",
      "   0.1647625   0.25379478  0.04161483 -0.43304317]\n",
      " [ 0.10736896 -0.2464221   0.20126586 -0.00863997  0.35349067  0.26369774\n",
      "   0.32833858 -0.47175565 -0.18934066 -0.33800341]\n",
      " [ 0.29547394 -0.42869123  0.08284505  0.14786159  0.09059014  0.38564224\n",
      "  -0.12567851 -0.54038906  0.04593376  0.04641208]\n",
      " [ 0.04125024  0.12493053 -0.13552115 -0.43865814  0.49839038 -0.11123147\n",
      "   0.09121478  0.21156134  0.02693158 -0.30886808]\n",
      " [ 0.00689364 -0.21845469  0.14011147  0.40375115 -0.39209538  0.19376574\n",
      "   0.00471658 -0.40903673  0.21082766  0.05952055]\n",
      " [ 0.24037006 -0.0963361   0.00910546  0.33841904 -0.29246341  0.33738186\n",
      "  -0.3852789   0.1410635   0.22368865 -0.51595017]\n",
      " [-0.18749168 -0.27206985  0.09362894  0.39717893  0.04801609 -0.4271014\n",
      "   0.11257051  0.17166727 -0.02107099  0.08467217]]\n"
     ]
    }
   ],
   "source": [
    "import numpy as np\n",
    "\n",
    "matrix_2 = np.random.rand(10, 10)\n",
    "mean_by_row = matrix_2.mean(axis=1, keepdims=True)\n",
    "matrix_2_centered = matrix_2 - mean_by_row\n",
    "print(matrix_2_centered)"
   ]
  },
  {
   "cell_type": "markdown",
   "metadata": {},
   "source": [
    "11) Создать матрицу случайных чисел размера 10 на 10 и отнять медиану по столбцам из каждого элемента столбца  "
   ]
  },
  {
   "cell_type": "code",
   "execution_count": 14,
   "metadata": {},
   "outputs": [
    {
     "name": "stdout",
     "output_type": "stream",
     "text": [
      "[[ 0.03816748  0.22129016  0.38536058 -0.29012747 -0.01143344 -0.23514574\n",
      "  -0.10098844  0.25358456  0.06474129  0.05458288]\n",
      " [-0.5078847  -0.48294017  0.53519995 -0.1608249   0.54874999 -0.330554\n",
      "   0.0849477  -0.48772003 -0.0376732   0.4385007 ]\n",
      " [-0.27608971  0.11781666 -0.28629468  0.00080715 -0.26305667  0.40994611\n",
      "  -0.10434146  0.18813126 -0.121165   -0.38683434]\n",
      " [ 0.04685736  0.14062627  0.14707468  0.04074501  0.01143344  0.38266542\n",
      "   0.30620669 -0.09162295  0.0376732   0.24980673]\n",
      " [-0.31714608 -0.2214158  -0.37770104 -0.12716042 -0.3444321   0.24265481\n",
      "  -0.0849477   0.01755013  0.23733946 -0.29684482]\n",
      " [ 0.00640184 -0.37569281  0.38648423  0.07876345 -0.32364356 -0.3857562\n",
      "   0.12341568 -0.28602653  0.25199742 -0.21637089]\n",
      " [ 0.35909122 -0.13453561  0.08225018 -0.11036335  0.29833201 -0.02276823\n",
      "   0.21884588 -0.52378793  0.24600552  0.25484031]\n",
      " [-0.00640184  0.30491249 -0.38371072 -0.00080715  0.27261035 -0.18180883\n",
      "  -0.15416487 -0.01051676 -0.17356804 -0.28652266]\n",
      " [ 0.34252974 -0.11781666 -0.08225018  0.03308112 -0.32696414  0.02276823\n",
      "  -0.2136749   0.29145612 -0.48026874 -0.05458288]\n",
      " [-0.42969953  0.41565882 -0.23687019  0.09400147  0.59742132  0.23973306\n",
      "   0.545379    0.01051676 -0.16827857  0.1315739 ]]\n"
     ]
    }
   ],
   "source": [
    "import numpy as np\n",
    "\n",
    "matrix_3 = np.random.rand(10, 10)\n",
    "median_by_col = np.median(matrix_3, axis=0)\n",
    "matrix_3_centered = matrix_3 - median_by_col\n",
    "print(matrix_3_centered)"
   ]
  },
  {
   "cell_type": "markdown",
   "metadata": {},
   "source": [
    "12) Создать матрицу случайных чисел 5x5. Добавить к ней столбецы максимумов и минимумов по строкам. Получится матрица 5x7.  "
   ]
  },
  {
   "cell_type": "code",
   "execution_count": 15,
   "metadata": {},
   "outputs": [
    {
     "name": "stdout",
     "output_type": "stream",
     "text": [
      "[[0.26384242 0.9662023  0.57251957 0.65324754 0.38451332 0.9662023\n",
      "  0.26384242]\n",
      " [0.63430479 0.20988788 0.80861023 0.32146292 0.19954508 0.80861023\n",
      "  0.19954508]\n",
      " [0.19937123 0.27418528 0.63181701 0.58855315 0.77652465 0.77652465\n",
      "  0.19937123]\n",
      " [0.91372824 0.91117685 0.40085462 0.98409331 0.67595558 0.98409331\n",
      "  0.40085462]\n",
      " [0.041175   0.70329061 0.59701153 0.67811704 0.3487915  0.70329061\n",
      "  0.041175  ]]\n"
     ]
    }
   ],
   "source": [
    "import numpy as np\n",
    "\n",
    "matrix_4 = np.random.rand(5, 5)\n",
    "max_in_rows = matrix_4.max(axis=1, keepdims=True)\n",
    "min_in_rows = matrix_4.min(axis=1, keepdims=True)\n",
    "matrix_4_extended = np.hstack((matrix_4, max_in_rows, min_in_rows))\n",
    "print(matrix_4_extended)"
   ]
  },
  {
   "cell_type": "markdown",
   "metadata": {},
   "source": [
    "13) Вектор чисел от 1 до 51 преобразовать в вектор нечетных чисел и в вектор четных чисел, поменять их размерности, чтобы получились две матрица. Найти произведение этих матриц. Найти обратную матрицу эётого произведения.  "
   ]
  },
  {
   "cell_type": "code",
   "execution_count": 17,
   "metadata": {},
   "outputs": [
    {
     "name": "stdout",
     "output_type": "stream",
     "text": [
      "Произведение матриц: [[   2    4    6    8   10   12   14   16   18   20   22   24   26   28\n",
      "    30   32   34   36   38   40   42   44   46   48   50]\n",
      " [   6   12   18   24   30   36   42   48   54   60   66   72   78   84\n",
      "    90   96  102  108  114  120  126  132  138  144  150]\n",
      " [  10   20   30   40   50   60   70   80   90  100  110  120  130  140\n",
      "   150  160  170  180  190  200  210  220  230  240  250]\n",
      " [  14   28   42   56   70   84   98  112  126  140  154  168  182  196\n",
      "   210  224  238  252  266  280  294  308  322  336  350]\n",
      " [  18   36   54   72   90  108  126  144  162  180  198  216  234  252\n",
      "   270  288  306  324  342  360  378  396  414  432  450]\n",
      " [  22   44   66   88  110  132  154  176  198  220  242  264  286  308\n",
      "   330  352  374  396  418  440  462  484  506  528  550]\n",
      " [  26   52   78  104  130  156  182  208  234  260  286  312  338  364\n",
      "   390  416  442  468  494  520  546  572  598  624  650]\n",
      " [  30   60   90  120  150  180  210  240  270  300  330  360  390  420\n",
      "   450  480  510  540  570  600  630  660  690  720  750]\n",
      " [  34   68  102  136  170  204  238  272  306  340  374  408  442  476\n",
      "   510  544  578  612  646  680  714  748  782  816  850]\n",
      " [  38   76  114  152  190  228  266  304  342  380  418  456  494  532\n",
      "   570  608  646  684  722  760  798  836  874  912  950]\n",
      " [  42   84  126  168  210  252  294  336  378  420  462  504  546  588\n",
      "   630  672  714  756  798  840  882  924  966 1008 1050]\n",
      " [  46   92  138  184  230  276  322  368  414  460  506  552  598  644\n",
      "   690  736  782  828  874  920  966 1012 1058 1104 1150]\n",
      " [  50  100  150  200  250  300  350  400  450  500  550  600  650  700\n",
      "   750  800  850  900  950 1000 1050 1100 1150 1200 1250]\n",
      " [  54  108  162  216  270  324  378  432  486  540  594  648  702  756\n",
      "   810  864  918  972 1026 1080 1134 1188 1242 1296 1350]\n",
      " [  58  116  174  232  290  348  406  464  522  580  638  696  754  812\n",
      "   870  928  986 1044 1102 1160 1218 1276 1334 1392 1450]\n",
      " [  62  124  186  248  310  372  434  496  558  620  682  744  806  868\n",
      "   930  992 1054 1116 1178 1240 1302 1364 1426 1488 1550]\n",
      " [  66  132  198  264  330  396  462  528  594  660  726  792  858  924\n",
      "   990 1056 1122 1188 1254 1320 1386 1452 1518 1584 1650]\n",
      " [  70  140  210  280  350  420  490  560  630  700  770  840  910  980\n",
      "  1050 1120 1190 1260 1330 1400 1470 1540 1610 1680 1750]\n",
      " [  74  148  222  296  370  444  518  592  666  740  814  888  962 1036\n",
      "  1110 1184 1258 1332 1406 1480 1554 1628 1702 1776 1850]\n",
      " [  78  156  234  312  390  468  546  624  702  780  858  936 1014 1092\n",
      "  1170 1248 1326 1404 1482 1560 1638 1716 1794 1872 1950]\n",
      " [  82  164  246  328  410  492  574  656  738  820  902  984 1066 1148\n",
      "  1230 1312 1394 1476 1558 1640 1722 1804 1886 1968 2050]\n",
      " [  86  172  258  344  430  516  602  688  774  860  946 1032 1118 1204\n",
      "  1290 1376 1462 1548 1634 1720 1806 1892 1978 2064 2150]\n",
      " [  90  180  270  360  450  540  630  720  810  900  990 1080 1170 1260\n",
      "  1350 1440 1530 1620 1710 1800 1890 1980 2070 2160 2250]\n",
      " [  94  188  282  376  470  564  658  752  846  940 1034 1128 1222 1316\n",
      "  1410 1504 1598 1692 1786 1880 1974 2068 2162 2256 2350]\n",
      " [  98  196  294  392  490  588  686  784  882  980 1078 1176 1274 1372\n",
      "  1470 1568 1666 1764 1862 1960 2058 2156 2254 2352 2450]\n",
      " [ 102  204  306  408  510  612  714  816  918 1020 1122 1224 1326 1428\n",
      "  1530 1632 1734 1836 1938 2040 2142 2244 2346 2448 2550]]\n",
      "Матрица четных чисел: [[   4    8   12   16   20   24   28   32   36   40   44   48   52   56\n",
      "    60   64   68   72   76   80   84   88   92   96  100]\n",
      " [   8   16   24   32   40   48   56   64   72   80   88   96  104  112\n",
      "   120  128  136  144  152  160  168  176  184  192  200]\n",
      " [  12   24   36   48   60   72   84   96  108  120  132  144  156  168\n",
      "   180  192  204  216  228  240  252  264  276  288  300]\n",
      " [  16   32   48   64   80   96  112  128  144  160  176  192  208  224\n",
      "   240  256  272  288  304  320  336  352  368  384  400]\n",
      " [  20   40   60   80  100  120  140  160  180  200  220  240  260  280\n",
      "   300  320  340  360  380  400  420  440  460  480  500]\n",
      " [  24   48   72   96  120  144  168  192  216  240  264  288  312  336\n",
      "   360  384  408  432  456  480  504  528  552  576  600]\n",
      " [  28   56   84  112  140  168  196  224  252  280  308  336  364  392\n",
      "   420  448  476  504  532  560  588  616  644  672  700]\n",
      " [  32   64   96  128  160  192  224  256  288  320  352  384  416  448\n",
      "   480  512  544  576  608  640  672  704  736  768  800]\n",
      " [  36   72  108  144  180  216  252  288  324  360  396  432  468  504\n",
      "   540  576  612  648  684  720  756  792  828  864  900]\n",
      " [  40   80  120  160  200  240  280  320  360  400  440  480  520  560\n",
      "   600  640  680  720  760  800  840  880  920  960 1000]\n",
      " [  44   88  132  176  220  264  308  352  396  440  484  528  572  616\n",
      "   660  704  748  792  836  880  924  968 1012 1056 1100]\n",
      " [  48   96  144  192  240  288  336  384  432  480  528  576  624  672\n",
      "   720  768  816  864  912  960 1008 1056 1104 1152 1200]\n",
      " [  52  104  156  208  260  312  364  416  468  520  572  624  676  728\n",
      "   780  832  884  936  988 1040 1092 1144 1196 1248 1300]\n",
      " [  56  112  168  224  280  336  392  448  504  560  616  672  728  784\n",
      "   840  896  952 1008 1064 1120 1176 1232 1288 1344 1400]\n",
      " [  60  120  180  240  300  360  420  480  540  600  660  720  780  840\n",
      "   900  960 1020 1080 1140 1200 1260 1320 1380 1440 1500]\n",
      " [  64  128  192  256  320  384  448  512  576  640  704  768  832  896\n",
      "   960 1024 1088 1152 1216 1280 1344 1408 1472 1536 1600]\n",
      " [  68  136  204  272  340  408  476  544  612  680  748  816  884  952\n",
      "  1020 1088 1156 1224 1292 1360 1428 1496 1564 1632 1700]\n",
      " [  72  144  216  288  360  432  504  576  648  720  792  864  936 1008\n",
      "  1080 1152 1224 1296 1368 1440 1512 1584 1656 1728 1800]\n",
      " [  76  152  228  304  380  456  532  608  684  760  836  912  988 1064\n",
      "  1140 1216 1292 1368 1444 1520 1596 1672 1748 1824 1900]\n",
      " [  80  160  240  320  400  480  560  640  720  800  880  960 1040 1120\n",
      "  1200 1280 1360 1440 1520 1600 1680 1760 1840 1920 2000]\n",
      " [  84  168  252  336  420  504  588  672  756  840  924 1008 1092 1176\n",
      "  1260 1344 1428 1512 1596 1680 1764 1848 1932 2016 2100]\n",
      " [  88  176  264  352  440  528  616  704  792  880  968 1056 1144 1232\n",
      "  1320 1408 1496 1584 1672 1760 1848 1936 2024 2112 2200]\n",
      " [  92  184  276  368  460  552  644  736  828  920 1012 1104 1196 1288\n",
      "  1380 1472 1564 1656 1748 1840 1932 2024 2116 2208 2300]\n",
      " [  96  192  288  384  480  576  672  768  864  960 1056 1152 1248 1344\n",
      "  1440 1536 1632 1728 1824 1920 2016 2112 2208 2304 2400]\n",
      " [ 100  200  300  400  500  600  700  800  900 1000 1100 1200 1300 1400\n",
      "  1500 1600 1700 1800 1900 2000 2100 2200 2300 2400 2500]]\n",
      "Определитель матрицы четных чисел: 0.0\n",
      "Матрица является вырожденной и не имеет обратной матрицы.\n"
     ]
    }
   ],
   "source": [
    "import numpy as np\n",
    "\n",
    "vector = np.arange(1, 52)\n",
    "odd_vector = vector[vector % 2 != 0].reshape(-1, 1)  # Нечетные числа\n",
    "even_vector = vector[vector % 2 == 0].reshape(1, -1)  # Четные числа\n",
    "\n",
    "product_matrix = odd_vector @ even_vector\n",
    "print(\"Произведение матриц:\", product_matrix)\n",
    "\n",
    "even_product_matrix = even_vector.T @ even_vector\n",
    "print(\"Матрица четных чисел:\", even_product_matrix)\n",
    "\n",
    "det = np.linalg.det(even_product_matrix)\n",
    "print(\"Определитель матрицы четных чисел:\", det)\n",
    "\n",
    "if det != 0:\n",
    "    inverse_matrix = np.linalg.inv(even_product_matrix)\n",
    "    print(\"Обратная матрица:\", inverse_matrix)\n",
    "else:\n",
    "    print(\"Матрица является вырожденной и не имеет обратной матрицы.\")"
   ]
  },
  {
   "cell_type": "markdown",
   "metadata": {},
   "source": [
    "14) Создать 8x8 матрицу и заполнить её в шахматном порядке нулями и единицами. "
   ]
  },
  {
   "cell_type": "code",
   "execution_count": 18,
   "metadata": {},
   "outputs": [
    {
     "name": "stdout",
     "output_type": "stream",
     "text": [
      "[[0 1 0 1 0 1 0 1]\n",
      " [1 0 1 0 1 0 1 0]\n",
      " [0 1 0 1 0 1 0 1]\n",
      " [1 0 1 0 1 0 1 0]\n",
      " [0 1 0 1 0 1 0 1]\n",
      " [1 0 1 0 1 0 1 0]\n",
      " [0 1 0 1 0 1 0 1]\n",
      " [1 0 1 0 1 0 1 0]]\n"
     ]
    }
   ],
   "source": [
    "import numpy as np\n",
    "\n",
    "chessboard_matrix = np.zeros((8, 8), dtype=int)\n",
    "chessboard_matrix[1::2, ::2] = 1\n",
    "chessboard_matrix[::2, 1::2] = 1\n",
    "print(chessboard_matrix)"
   ]
  }
 ],
 "metadata": {
  "kernelspec": {
   "display_name": "Python 3 (ipykernel)",
   "language": "python",
   "name": "python3"
  },
  "language_info": {
   "codemirror_mode": {
    "name": "ipython",
    "version": 3
   },
   "file_extension": ".py",
   "mimetype": "text/x-python",
   "name": "python",
   "nbconvert_exporter": "python",
   "pygments_lexer": "ipython3",
   "version": "3.12.4"
  }
 },
 "nbformat": 4,
 "nbformat_minor": 4
}
